Training details for lstm_mdn_ensemble_stocks_vrv-and-ivol
VERSION: rv-and-ivol
LOOKBACK_DAYS: 30
SUFFIX: _stocks


Features:
MULTIPLY_MARKET_FEATURES_BY_BETA: False
PI_PENALTY: False
MU_PENALTY: False
SIGMA_PENALTY: False
INCLUDE_MARKET_FEATURES: False
INCLUDE_FNG: False
INCLUDE_RETURNS: False
INCLUDE_INDUSTRY: False
INCLUDE_GARCH: False
INCLUDE_BETA: False
INCLUDE_OTHERS: False
INCLUDE_TICKERS: False
INCLDUE_FRED_MD: False
INCLUDE_10_DAY_IVOL: True
INCLUDE_30_DAY_IVOL: True
INCLUDE_1MIN_RV: True
INCLUDE_5MIN_RV: True


Model settings:
HIDDEN_UNITS: 60
N_MIXTURES: 10
DROPOUT: 0.0
L2_REG: 0.0001
NUM_HIDDEN_LAYERS: 0
EMBEDDING_DIMENSIONS: None


Training settings:
PATIENCE: 3
WEIGHT_DECAY: 0.0001
LEARNING_RATE: 0.00015
BATCH_SIZE: 32
N_ENSEMBLE_MEMBERS: 10


Training results:
Optimal number of epochs: [np.int64(16), np.int64(10), np.int64(3), np.int64(11), np.int64(2), np.int64(7), np.int64(7), np.int64(5), np.int64(9), np.int64(4)]
Validation losses: [-2.6305692195892334, -2.62917160987854, -2.617816209793091, -2.6262032985687256, -2.624941825866699, -2.6246979236602783, -2.6277403831481934, -2.6257314682006836, -2.6279144287109375, -2.6255457401275635]
	loss	val_loss
0	[-2.7971713542938232, -2.8722281455993652, -2.8848540782928467, -2.8911705017089844, -2.895772933959961, -2.898406744003296, -2.9004998207092285, -2.9023311138153076, -2.9045932292938232, -2.9049532413482666, -2.9056308269500732, -2.9069132804870605, -2.9073069095611572, -2.908841133117676, -2.9085628986358643, -2.908918619155884, -2.908918857574463, -2.9096755981445312, -2.9102349281311035, -2.9106810092926025]	[-2.5967464447021484, -2.5984246730804443, -2.6172595024108887, -2.6024558544158936, -2.621812582015991, -2.616070032119751, -2.6197099685668945, -2.624908685684204, -2.5997350215911865, -2.62300181388855, -2.6259024143218994, -2.612553119659424, -2.613948106765747, -2.629087448120117, -2.627751111984253, -2.6118323802948, -2.6305692195892334, -2.628126382827759, -2.626603841781616, -2.627901077270508]
1	[-2.855288028717041, -2.887416362762451, -2.8929336071014404, -2.897587537765503, -2.900897264480591, -2.902503490447998, -2.904128313064575, -2.904611587524414, -2.9068658351898193, -2.907646417617798, -2.90756893157959, -2.9087557792663574, -2.908937931060791, -2.9102370738983154]	[-2.611799478530884, -2.616892099380493, -2.613157033920288, -2.6229114532470703, -2.6121175289154053, -2.62371563911438, -2.5939526557922363, -2.6193554401397705, -2.6269826889038086, -2.6218838691711426, -2.62917160987854, -2.617762804031372, -2.6209099292755127, -2.628011465072632]
2	[-2.797506809234619, -2.8756487369537354, -2.8867740631103516, -2.8929505348205566, -2.8937594890594482, -2.8964030742645264, -2.899582624435425]	[-2.601337432861328, -2.6065211296081543, -2.6074278354644775, -2.617816209793091, -2.6166763305664062, -2.6068084239959717, -2.6173853874206543]
3	[-2.814112424850464, -2.8795220851898193, -2.8864922523498535, -2.8919589519500732, -2.8973238468170166, -2.897977828979492, -2.9009876251220703, -2.9023640155792236, -2.9027042388916016, -2.904263734817505, -2.904195547103882, -2.9064505100250244, -2.9069924354553223, -2.907996892929077, -2.9089431762695312]	[-2.5966858863830566, -2.6113431453704834, -2.60707950592041, -2.6140966415405273, -2.6170976161956787, -2.618955612182617, -2.6180410385131836, -2.619225263595581, -2.624727725982666, -2.618964195251465, -2.6253278255462646, -2.6262032985687256, -2.6251964569091797, -2.625159502029419, -2.6242659091949463]
4	[-2.857422113418579, -2.8880279064178467, -2.8941118717193604, -2.897388458251953, -2.900531530380249, -2.9035019874572754]	[-2.60886287689209, -2.6218740940093994, -2.624941825866699, -2.6056034564971924, -2.6101486682891846, -2.6194653511047363]
5	[-2.8545308113098145, -2.8851370811462402, -2.8935976028442383, -2.896925449371338, -2.8996129035949707, -2.9029080867767334, -2.904421329498291, -2.905268907546997, -2.906071424484253, -2.906532049179077, -2.9079697132110596]	[-2.6087050437927246, -2.6104776859283447, -2.6163241863250732, -2.617046356201172, -2.6139285564422607, -2.624415397644043, -2.6246120929718018, -2.6246979236602783, -2.6182775497436523, -2.609774351119995, -2.620135545730591]
6	[-2.762545108795166, -2.8785340785980225, -2.884537696838379, -2.8888614177703857, -2.8917956352233887, -2.8951361179351807, -2.8970091342926025, -2.8987812995910645, -2.9005162715911865, -2.9027552604675293, -2.902479648590088]	[-2.6071653366088867, -2.603924512863159, -2.5964772701263428, -2.6186370849609375, -2.621382236480713, -2.6197524070739746, -2.621129035949707, -2.6277403831481934, -2.6254725456237793, -2.622042179107666, -2.6276957988739014]
7	[-2.839484453201294, -2.8787784576416016, -2.8861773014068604, -2.8930537700653076, -2.8959567546844482, -2.8978123664855957, -2.899615526199341, -2.9005300998687744, -2.901245594024658]	[-2.605271816253662, -2.616624116897583, -2.6152822971343994, -2.6105873584747314, -2.6207387447357178, -2.6257314682006836, -2.6195716857910156, -2.5881388187408447, -2.622077226638794]
8	[-2.772317886352539, -2.881178617477417, -2.8907418251037598, -2.8954684734344482, -2.900226593017578, -2.9027187824249268, -2.9049172401428223, -2.9060184955596924, -2.906818389892578, -2.9083080291748047, -2.9087228775024414, -2.9085235595703125, -2.9090452194213867]	[-2.596763849258423, -2.5984127521514893, -2.6146132946014404, -2.6227591037750244, -2.6211605072021484, -2.6235389709472656, -2.619884967803955, -2.6242306232452393, -2.625910520553589, -2.6279144287109375, -2.6257736682891846, -2.6209564208984375, -2.6215810775756836]
9	[-2.848949670791626, -2.885483741760254, -2.8938229084014893, -2.896118640899658, -2.900325298309326, -2.902256488800049, -2.904566764831543, -2.905146837234497]	[-2.5886383056640625, -2.5952847003936768, -2.60998272895813, -2.6078925132751465, -2.6255457401275635, -2.615025758743286, -2.613760471343994, -2.62359619140625]
