Training details for lstm_mdn_ensemble_stocks_vrv-final
VERSION: rv-final
LOOKBACK_DAYS: 30
SUFFIX: _stocks


Features:
MULTIPLY_MARKET_FEATURES_BY_BETA: False
PI_PENALTY: False
MU_PENALTY: False
SIGMA_PENALTY: False
INCLUDE_MARKET_FEATURES: False
INCLUDE_FNG: False
INCLUDE_RETURNS: False
INCLUDE_INDUSTRY: False
INCLUDE_GARCH: False
INCLUDE_BETA: False
INCLUDE_OTHERS: False
INCLUDE_TICKERS: False
INCLDUE_FRED_MD: False
INCLUDE_10_DAY_IVOL: False
INCLUDE_30_DAY_IVOL: False
INCLUDE_1MIN_RV: True
INCLUDE_5MIN_RV: True


Model settings:
HIDDEN_UNITS: 60
N_MIXTURES: 10
DROPOUT: 0.0
L2_REG: 0.0001
NUM_HIDDEN_LAYERS: 0
EMBEDDING_DIMENSIONS: None


Training settings:
PATIENCE: 3
WEIGHT_DECAY: 0.0001
LEARNING_RATE: 0.00015
BATCH_SIZE: 32
N_ENSEMBLE_MEMBERS: 10


Training results:
Optimal number of epochs: [7, 6, 2, 4, 6, 5, 4, 6, 5, 6]
Validation losses: [-2.94704532623291, -2.948678493499756, -2.9412600994110107, -2.9438858032226562, -2.9465677738189697, -2.944338321685791, -2.944782257080078, -2.9487557411193848, -2.9467341899871826, -2.9438695907592773]


Training loss histories:
Member	Epoch 1	Epoch 2	Epoch 3	Epoch 4	Epoch 5	Epoch 6	Epoch 7	Epoch 8
0	-2.758348226547241	-2.8508245944976807	-2.856708526611328	-2.860875129699707	-2.8649508953094482	-2.867351770401001	-2.869819164276123	-2.8726346492767334
1	-2.816204071044922	-2.860764265060425	-2.8664889335632324	-2.8701794147491455	-2.8728818893432617	-2.8754210472106934	-2.8769161701202393	-2.8781509399414062
2	-2.768754482269287	-2.8541855812072754	-2.8593690395355225	-2.8641393184661865	-2.8637046813964844	-2.8674564361572266	-2.8699843883514404	-2.871932029724121
3	-2.8380720615386963	-2.8610317707061768	-2.8663902282714844	-2.868817090988159	-2.8731942176818848	-2.874481439590454	-2.8755056858062744	-2.876767635345459
4	-2.78684139251709	-2.859104871749878	-2.863550901412964	-2.869396924972534	-2.8729841709136963	-2.876157760620117	-2.8782055377960205	-2.879089832305908
5	-2.825371026992798	-2.862363338470459	-2.867839813232422	-2.8717057704925537	-2.874251127243042	-2.8755979537963867	-2.8774609565734863	-2.878251791000366
6	-2.7882463932037354	-2.8576302528381348	-2.8644824028015137	-2.8684091567993164	-2.871757745742798	-2.8745369911193848	-2.8765780925750732	-2.8773787021636963
7	-2.8148090839385986	-2.8569536209106445	-2.8629894256591797	-2.868903398513794	-2.871108293533325	-2.873042345046997	-2.875450372695923	-2.8761322498321533
8	-2.8224856853485107	-2.8594143390655518	-2.8670225143432617	-2.870732307434082	-2.873354911804199	-2.87544846534729	-2.87740159034729	-2.8788363933563232
9	-2.802394151687622	-2.8539278507232666	-2.8618180751800537	-2.865593910217285	-2.869371175765991	-2.872223377227783	-2.8742856979370117	-2.8750622272491455


Validation loss histories:
Member	Epoch 1	Epoch 2	Epoch 3	Epoch 4	Epoch 5	Epoch 6	Epoch 7	Epoch 8
0	-2.9213454723358154	-2.9253580570220947	-2.9156618118286133	-2.9246037006378174	-2.928583860397339	-2.9273927211761475	-2.943721055984497	-2.94704532623291
1	-2.932943105697632	-2.941145181655884	-2.9383182525634766	-2.942380428314209	-2.932924509048462	-2.9300577640533447	-2.948678493499756	-2.947718858718872
2	-2.891911029815674	-2.93011212348938	-2.9412600994110107	-2.935422658920288	-2.937575101852417	-2.9220259189605713	-2.9267020225524902	-2.939852714538574
3	-2.92531156539917	-2.9307727813720703	-2.9406747817993164	-2.9396634101867676	-2.9438858032226562	-2.9431586265563965	-2.9437472820281982	-2.9355149269104004
4	-2.9194183349609375	-2.9245805740356445	-2.9401142597198486	-2.9381558895111084	-2.9445383548736572	-2.9444849491119385	-2.9465677738189697	-2.9386372566223145
5	-2.9304845333099365	-2.9386162757873535	-2.934525728225708	-2.940232038497925	-2.9438092708587646	-2.944338321685791	-2.9423232078552246	-2.939952850341797
6	-2.9199142456054688	-2.915850877761841	-2.931617021560669	-2.9297244548797607	-2.944782257080078	-2.9437313079833984	-2.940732717514038	-2.9383788108825684
7	-2.911921977996826	-2.9365432262420654	-2.9377825260162354	-2.928098678588867	-2.926168918609619	-2.931814193725586	-2.9487557411193848	-2.9449872970581055
8	-2.9292032718658447	-2.928062915802002	-2.941110372543335	-2.936811923980713	-2.9397237300872803	-2.9467341899871826	-2.940275192260742	-2.941469669342041
9	-2.913360118865967	-2.9326107501983643	-2.936171531677246	-2.941317081451416	-2.9352169036865234	-2.9411985874176025	-2.9438695907592773	-2.9387693405151367
