Training details for lstm_mdn_ensemble_stocks_vrv-and-ivol-final
VERSION: rv-and-ivol-final
LOOKBACK_DAYS: 30
SUFFIX: _stocks


Features:
MULTIPLY_MARKET_FEATURES_BY_BETA: False
PI_PENALTY: False
MU_PENALTY: False
SIGMA_PENALTY: False
INCLUDE_MARKET_FEATURES: False
INCLUDE_FNG: False
INCLUDE_RETURNS: False
INCLUDE_INDUSTRY: False
INCLUDE_GARCH: False
INCLUDE_BETA: False
INCLUDE_OTHERS: False
INCLUDE_TICKERS: False
INCLDUE_FRED_MD: False
INCLUDE_10_DAY_IVOL: True
INCLUDE_30_DAY_IVOL: True
INCLUDE_1MIN_RV: True
INCLUDE_5MIN_RV: True


Model settings:
HIDDEN_UNITS: 60
N_MIXTURES: 10
DROPOUT: 0.0
L2_REG: 0.0001
NUM_HIDDEN_LAYERS: 0
EMBEDDING_DIMENSIONS: None


Training settings:
PATIENCE: 3
WEIGHT_DECAY: 0.0001
LEARNING_RATE: 0.00015
BATCH_SIZE: 32
N_ENSEMBLE_MEMBERS: 10


Training results:
Optimal number of epochs: [6, 3, 7, 7, 7, 5, 7, 3, 6, 6]
Validation losses: [-2.9567675590515137, -2.9539878368377686, -2.9525113105773926, -2.957934856414795, -2.9511663913726807, -2.9552900791168213, -2.9547510147094727, -2.948341131210327, -2.9534072875976562, -2.953740119934082]


Training loss histories:
Member	Epoch 1	Epoch 2	Epoch 3	Epoch 4	Epoch 5	Epoch 6	Epoch 7	Epoch 8
0	-2.807082414627075	-2.8656229972839355	-2.8746180534362793	-2.877687931060791	-2.880772829055786	-2.8840115070343018	-2.884723424911499	-2.8854663372039795
1	-2.8116118907928467	-2.8652713298797607	-2.872296094894409	-2.876458168029785	-2.879084348678589	-2.881303310394287	-2.8828518390655518	-2.8834609985351562
2	-2.8050432205200195	-2.8626558780670166	-2.8699495792388916	-2.8742451667785645	-2.8784384727478027	-2.8806707859039307	-2.8838672637939453	-2.8856945037841797
3	-2.826556444168091	-2.867279052734375	-2.8743553161621094	-2.878481388092041	-2.882119655609131	-2.884160280227661	-2.8859829902648926	-2.8870394229888916
4	-2.7910473346710205	-2.8528976440429688	-2.8650929927825928	-2.871516227722168	-2.87518048286438	-2.880373239517212	-2.8830466270446777	-2.884186267852783
5	-2.82124924659729	-2.862539052963257	-2.8700146675109863	-2.8757126331329346	-2.880671739578247	-2.8816733360290527	-2.884263515472412	-2.8860585689544678
6	-2.8123996257781982	-2.8650670051574707	-2.8734970092773438	-2.8778207302093506	-2.881157398223877	-2.8833534717559814	-2.885852813720703	-2.8869569301605225
7	-2.806328773498535	-2.8620541095733643	-2.8713693618774414	-2.8736915588378906	-2.8784780502319336	-2.8819761276245117	-2.8842239379882812	-2.8860037326812744
8	-2.801931858062744	-2.859264373779297	-2.868565082550049	-2.8725063800811768	-2.87546968460083	-2.87717866897583	-2.880483865737915	-2.8809256553649902
9	-2.8108630180358887	-2.857854127883911	-2.864518165588379	-2.8704323768615723	-2.877030372619629	-2.8801016807556152	-2.8827931880950928	-2.884282350540161


Validation loss histories:
Member	Epoch 1	Epoch 2	Epoch 3	Epoch 4	Epoch 5	Epoch 6	Epoch 7	Epoch 8
0	-2.9288697242736816	-2.929497480392456	-2.9370367527008057	-2.9448742866516113	-2.949100971221924	-2.9515492916107178	-2.9567675590515137	-2.9216597080230713
1	-2.9170475006103516	-2.940187931060791	-2.9324843883514404	-2.9539878368377686	-2.950759172439575	-2.953138828277588	-2.951720952987671	-2.936613082885742
2	-2.918699264526367	-2.937001943588257	-2.943551778793335	-2.9313406944274902	-2.942549705505371	-2.9483845233917236	-2.9445769786834717	-2.9525113105773926
3	-2.9358866214752197	-2.9255897998809814	-2.927260160446167	-2.94083309173584	-2.950554370880127	-2.9382071495056152	-2.9494898319244385	-2.957934856414795
4	-2.9042272567749023	-2.9357552528381348	-2.9417412281036377	-2.9456727504730225	-2.9510865211486816	-2.9497056007385254	-2.9402318000793457	-2.9511663913726807
5	-2.9337449073791504	-2.9390296936035156	-2.9484989643096924	-2.9410526752471924	-2.9538843631744385	-2.9552900791168213	-2.9376399517059326	-2.948683500289917
6	-2.8960320949554443	-2.9147799015045166	-2.9341952800750732	-2.942093849182129	-2.9467835426330566	-2.9413437843322754	-2.9516043663024902	-2.9547510147094727
7	-2.9373764991760254	-2.9472455978393555	-2.943943500518799	-2.948341131210327	-2.9389846324920654	-2.944138765335083	-2.9421792030334473	-2.9391062259674072
8	-2.929675579071045	-2.9167985916137695	-2.927518367767334	-2.9360125064849854	-2.9500932693481445	-2.9227285385131836	-2.9534072875976562	-2.9499258995056152
9	-2.9331040382385254	-2.9268460273742676	-2.928828477859497	-2.9299004077911377	-2.950971841812134	-2.9517531394958496	-2.953740119934082	-2.9445993900299072
