Training details for lstm_mdn_ensemble_stocks_vivol-final
VERSION: ivol-final
LOOKBACK_DAYS: 30
SUFFIX: _stocks


Features:
MULTIPLY_MARKET_FEATURES_BY_BETA: False
PI_PENALTY: False
MU_PENALTY: False
SIGMA_PENALTY: False
INCLUDE_MARKET_FEATURES: False
INCLUDE_FNG: False
INCLUDE_RETURNS: False
INCLUDE_INDUSTRY: False
INCLUDE_GARCH: False
INCLUDE_BETA: False
INCLUDE_OTHERS: False
INCLUDE_TICKERS: False
INCLDUE_FRED_MD: False
INCLUDE_10_DAY_IVOL: True
INCLUDE_30_DAY_IVOL: True
INCLUDE_1MIN_RV: False
INCLUDE_5MIN_RV: False


Model settings:
HIDDEN_UNITS: 60
N_MIXTURES: 10
DROPOUT: 0.0
L2_REG: 0.0001
NUM_HIDDEN_LAYERS: 0
EMBEDDING_DIMENSIONS: None


Training settings:
PATIENCE: 3
WEIGHT_DECAY: 0.0001
LEARNING_RATE: 0.00015
BATCH_SIZE: 32
N_ENSEMBLE_MEMBERS: 10


Training results:
Optimal number of epochs: [7, 1, 7, 3, 6, 3, 2, 7, 7, 7]
Validation losses: [-2.9595770835876465, -2.9573569297790527, -2.958172559738159, -2.956631898880005, -2.9568655490875244, -2.95578932762146, -2.9540226459503174, -2.9554450511932373, -2.9587643146514893, -2.9592158794403076]


Training loss histories:
Member	Epoch 1	Epoch 2	Epoch 3	Epoch 4	Epoch 5	Epoch 6	Epoch 7	Epoch 8
0	-2.854163646697998	-2.8794074058532715	-2.883927583694458	-2.886155843734741	-2.888162136077881	-2.8895323276519775	-2.8908491134643555	-2.8926472663879395
1	-2.815213918685913	-2.8748984336853027	-2.879075050354004	-2.8834407329559326	-2.883470296859741	-2.8837363719940186	-2.8862416744232178	-2.8867528438568115
2	-2.837606906890869	-2.8751983642578125	-2.880281448364258	-2.883317708969116	-2.8850455284118652	-2.8869597911834717	-2.8888344764709473	-2.8906919956207275
3	-2.7888286113739014	-2.86958384513855	-2.875328540802002	-2.8791027069091797	-2.882486581802368	-2.884345293045044	-2.885253667831421	-2.8874077796936035
4	-2.811447858810425	-2.875141143798828	-2.8795948028564453	-2.882133722305298	-2.8855044841766357	-2.886467695236206	-2.887955665588379	-2.8895294666290283
5	-2.8156657218933105	-2.8775877952575684	-2.8810343742370605	-2.8848044872283936	-2.8867313861846924	-2.888570785522461	-2.889105796813965	-2.8907527923583984
6	-2.832019090652466	-2.869352102279663	-2.8739802837371826	-2.876746416091919	-2.8813681602478027	-2.8824007511138916	-2.8847174644470215	-2.8866922855377197
7	-2.8079328536987305	-2.8721232414245605	-2.8765597343444824	-2.8782615661621094	-2.88033390045166	-2.883307695388794	-2.884688377380371	-2.885667562484741
8	-2.843857765197754	-2.872014045715332	-2.878321409225464	-2.8816776275634766	-2.883528470993042	-2.886486053466797	-2.8884785175323486	-2.888918876647949
9	-2.834538221359253	-2.8715767860412598	-2.878767728805542	-2.8826920986175537	-2.8844153881073	-2.8878889083862305	-2.887847661972046	-2.88970947265625


Validation loss histories:
Member	Epoch 1	Epoch 2	Epoch 3	Epoch 4	Epoch 5	Epoch 6	Epoch 7	Epoch 8
0	-2.9496898651123047	-2.9550580978393555	-2.9592642784118652	-2.925656795501709	-2.955733060836792	-2.9509830474853516	-2.938542366027832	-2.9595770835876465
1	-2.9515624046325684	-2.9573569297790527	-2.9538795948028564	-2.9565796852111816	-2.947003126144409	-2.9241459369659424	-2.955662727355957	-2.95504093170166
2	-2.9299724102020264	-2.922184705734253	-2.942323684692383	-2.9502813816070557	-2.952641487121582	-2.9564061164855957	-2.956347942352295	-2.958172559738159
3	-2.9075536727905273	-2.933137893676758	-2.9312548637390137	-2.956631898880005	-2.9144301414489746	-2.9480254650115967	-2.9486191272735596	-2.9403696060180664
4	-2.9346866607666016	-2.948831558227539	-2.952173948287964	-2.945134162902832	-2.954252004623413	-2.9465792179107666	-2.9568655490875244	-2.9481804370880127
5	-2.948925495147705	-2.9472784996032715	-2.954967737197876	-2.95578932762146	-2.951720952987671	-2.9550418853759766	-2.940324068069458	-2.950958013534546
6	-2.941988945007324	-2.9346554279327393	-2.9540226459503174	-2.9515202045440674	-2.9445137977600098	-2.9510629177093506	-2.9512763023376465	-2.9412600994110107
7	-2.911243438720703	-2.9493932723999023	-2.944141387939453	-2.9328625202178955	-2.9524898529052734	-2.938932418823242	-2.9475185871124268	-2.9554450511932373
8	-2.912278413772583	-2.935242176055908	-2.9548585414886475	-2.953336000442505	-2.955315589904785	-2.956977605819702	-2.9566986560821533	-2.9587643146514893
9	-2.9487297534942627	-2.8338944911956787	-2.9548234939575195	-2.9549477100372314	-2.956021308898926	-2.948014259338379	-2.9545979499816895	-2.9592158794403076
