Training details for lstm_mdn_ensemble_stocks_vrv-only
VERSION: rv-only
LOOKBACK_DAYS: 30
SUFFIX: _stocks


Features:
MULTIPLY_MARKET_FEATURES_BY_BETA: False
PI_PENALTY: False
MU_PENALTY: False
SIGMA_PENALTY: False
INCLUDE_MARKET_FEATURES: False
INCLUDE_FNG: False
INCLUDE_RETURNS: False
INCLUDE_INDUSTRY: False
INCLUDE_GARCH: False
INCLUDE_BETA: False
INCLUDE_OTHERS: False
INCLUDE_TICKERS: False
INCLDUE_FRED_MD: False
INCLUDE_10_DAY_IVOL: False
INCLUDE_30_DAY_IVOL: False
INCLUDE_1MIN_RV: True
INCLUDE_5MIN_RV: True


Model settings:
HIDDEN_UNITS: 60
N_MIXTURES: 10
DROPOUT: 0.0
L2_REG: 0.0001
NUM_HIDDEN_LAYERS: 0
EMBEDDING_DIMENSIONS: None


Training settings:
PATIENCE: 3
WEIGHT_DECAY: 0.0001
LEARNING_RATE: 0.00015
BATCH_SIZE: 32
N_ENSEMBLE_MEMBERS: 10


Training results:
Optimal number of epochs: [np.int64(7), np.int64(9), np.int64(1), np.int64(5), np.int64(1), np.int64(8), np.int64(8), np.int64(8), np.int64(8), np.int64(4)]
Validation losses: [-2.6103954315185547, -2.6119351387023926, -2.6056933403015137, -2.6124701499938965, -2.606093406677246, -2.6131749153137207, -2.614450216293335, -2.61437726020813, -2.614530324935913, -2.603969097137451]
	loss	val_loss
0	[-2.794520378112793, -2.8585994243621826, -2.8698368072509766, -2.875800609588623, -2.879873275756836, -2.8834245204925537, -2.885326623916626, -2.886688470840454, -2.887645721435547, -2.888558864593506, -2.889570474624634]	[-2.5903072357177734, -2.571537971496582, -2.6016042232513428, -2.589240312576294, -2.6056389808654785, -2.5934438705444336, -2.5992352962493896, -2.6103954315185547, -2.588731527328491, -2.6080713272094727, -2.5920231342315674]
1	[-2.834519386291504, -2.8729262351989746, -2.877753257751465, -2.8809523582458496, -2.885305881500244, -2.8879013061523438, -2.8896234035491943, -2.8905274868011475, -2.892913818359375, -2.8938024044036865, -2.8953659534454346, -2.896125078201294, -2.896348237991333]	[-2.598700523376465, -2.570679187774658, -2.598167896270752, -2.60310435295105, -2.599126100540161, -2.6071577072143555, -2.6115050315856934, -2.6008903980255127, -2.6021080017089844, -2.6119351387023926, -2.609912633895874, -2.6118669509887695, -2.603179693222046]
2	[-2.797036647796631, -2.8685362339019775, -2.875275135040283, -2.879758834838867, -2.8816792964935303]	[-2.5872721672058105, -2.6056933403015137, -2.588711738586426, -2.5892279148101807, -2.590789794921875]
3	[-2.799856662750244, -2.8692290782928467, -2.875166416168213, -2.882563829421997, -2.885561466217041, -2.888246536254883, -2.890174388885498, -2.8917324542999268, -2.893082618713379]	[-2.5981428623199463, -2.5724422931671143, -2.609640121459961, -2.603581666946411, -2.610567808151245, -2.6124701499938965, -2.6094577312469482, -2.6048731803894043, -2.595634698867798]
4	[-2.8166112899780273, -2.8744006156921387, -2.880936861038208, -2.8839547634124756, -2.8867390155792236]	[-2.6006226539611816, -2.606093406677246, -2.602778434753418, -2.6024765968322754, -2.604198455810547]
5	[-2.813312530517578, -2.8709359169006348, -2.8776633739471436, -2.8831770420074463, -2.8863675594329834, -2.890497922897339, -2.892446517944336, -2.893880844116211, -2.8952839374542236, -2.8963968753814697, -2.8968937397003174, -2.8978350162506104]	[-2.5532898902893066, -2.5829551219940186, -2.590700387954712, -2.5934927463531494, -2.5956156253814697, -2.6049270629882812, -2.6035220623016357, -2.6041505336761475, -2.6131749153137207, -2.60805344581604, -2.598337411880493, -2.6119930744171143]
6	[-2.7937419414520264, -2.867733955383301, -2.8742775917053223, -2.8794844150543213, -2.8836581707000732, -2.8846282958984375, -2.8865768909454346, -2.8888866901397705, -2.8894312381744385, -2.8905553817749023, -2.8914873600006104, -2.8914923667907715]	[-2.597175121307373, -2.5756473541259766, -2.5962092876434326, -2.604235887527466, -2.6027443408966064, -2.59745454788208, -2.6087520122528076, -2.597287178039551, -2.614450216293335, -2.613563299179077, -2.6026644706726074, -2.602116346359253]
7	[-2.8097240924835205, -2.8711698055267334, -2.876131772994995, -2.8814804553985596, -2.884389638900757, -2.8861074447631836, -2.8884012699127197, -2.890342950820923, -2.8912553787231445, -2.892345428466797, -2.893110513687134, -2.8940436840057373]	[-2.575000524520874, -2.5816776752471924, -2.5984671115875244, -2.603098154067993, -2.610280990600586, -2.6117300987243652, -2.5941240787506104, -2.604233980178833, -2.61437726020813, -2.611060857772827, -2.6074161529541016, -2.595734119415283]
8	[-2.83597731590271, -2.874190330505371, -2.88017201423645, -2.8838553428649902, -2.8875982761383057, -2.891080856323242, -2.8924920558929443, -2.894148111343384, -2.8949201107025146, -2.8961758613586426, -2.896902561187744, -2.897346019744873]	[-2.5802929401397705, -2.598982334136963, -2.6056199073791504, -2.606170415878296, -2.591214418411255, -2.6133384704589844, -2.5910756587982178, -2.6086061000823975, -2.614530324935913, -2.610297203063965, -2.611900806427002, -2.6060070991516113]
9	[-2.812955141067505, -2.8690924644470215, -2.875051259994507, -2.880526065826416, -2.8838789463043213, -2.886654853820801, -2.8900036811828613, -2.891737699508667]	[-2.5843734741210938, -2.59694766998291, -2.594425916671753, -2.5957205295562744, -2.603969097137451, -2.5950844287872314, -2.5967509746551514, -2.585983991622925]
