Training details for transformer_mdn_ensemble_rv-only
VERSION: rv-only
LOOKBACK_DAYS: 30
SUFFIX: _stocks


Features:
MULTIPLY_MARKET_FEATURES_BY_BETA: False
PI_PENALTY: False
MU_PENALTY: False
SIGMA_PENALTY: False
INCLUDE_MARKET_FEATURES: False
INCLUDE_FNG: False
INCLUDE_RETURNS: False
INCLUDE_INDUSTRY: False
INCLUDE_GARCH: False
INCLUDE_BETA: False
INCLUDE_OTHERS: False
INCLUDE_TICKERS: False
INCLDUE_FRED_MD: False
INCLUDE_10_DAY_IVOL: False
INCLUDE_30_DAY_IVOL: False
INCLUDE_1MIN_RV: True
INCLUDE_5MIN_RV: True


Model settings:
D_MODEL: 32
HIDDEN_UNITS_FF: 300
N_MIXTURES: 10
DROPOUT: 0
L2_REGULARIZATION: 1e-06
NUM_ENCODERS: 1
NUM_HEADS: 2
D_TICKER_EMBEDDING: None


Training settings:
PATIENCE: 10
WEIGHT_DECAY: 0.01
LEARNING_RATE: 5e-05
BATCH_SIZE: 40
N_ENSEMBLE_MEMBERS: 10


Training results:
Optimal number of epochs: [16, 12, 16, 16, 28, 19, 11, 19, 13, 10]
Validation losses: [-2.6171109676361084, -2.619361400604248, -2.618586778640747, -2.6192452907562256, -2.6190571784973145, -2.6194605827331543, -2.6184499263763428, -2.6186347007751465, -2.619346857070923, -2.620377540588379]


Training loss histories:
Member	Epoch 1	Epoch 2	Epoch 3	Epoch 4	Epoch 5	Epoch 6	Epoch 7	Epoch 8	Epoch 9	Epoch 10	Epoch 11	Epoch 12	Epoch 13	Epoch 14	Epoch 15	Epoch 16	Epoch 17	Epoch 18	Epoch 19	Epoch 20	Epoch 21	Epoch 22	Epoch 23	Epoch 24	Epoch 25	Epoch 26	Epoch 27	Epoch 28	Epoch 29	Epoch 30	Epoch 31	Epoch 32	Epoch 33	Epoch 34	Epoch 35	Epoch 36	Epoch 37	Epoch 38	Epoch 39
0	-2.701	-2.8696	-2.8792	-2.8834	-2.8873	-2.8957	-2.8971	-2.8981	-2.8983	-2.9023	-2.9028	-2.9027	-2.9045	-2.9049	-2.9052	-2.9051	-2.9061	-2.9063	-2.9062	-2.9063	-2.9067	-2.9068	-2.9068	-2.907	-2.9071	-2.907	-2.9071												
1	-2.7019	-2.854	-2.874	-2.8799	-2.8842	-2.8905	-2.893	-2.8949	-2.8962	-2.897	-2.8974	-2.899	-2.8995	-2.8998	-2.8996	-2.9003	-2.9046	-2.9045	-2.9047	-2.9068	-2.9069	-2.907	-2.9081																
2	-2.462	-2.8556	-2.8762	-2.8825	-2.887	-2.8905	-2.8921	-2.8942	-2.894	-2.8951	-2.8962	-2.8962	-2.8971	-2.9019	-2.9026	-2.9024	-2.9029	-2.9027	-2.9054	-2.9054	-2.9057	-2.907	-2.9072	-2.9071	-2.9077	-2.9078	-2.9078												
3	-2.6368	-2.868	-2.8806	-2.8856	-2.8889	-2.8928	-2.8932	-2.8947	-2.8956	-2.8962	-2.8971	-2.8972	-2.8986	-2.9026	-2.9029	-2.9035	-2.9036	-2.9036	-2.9037	-2.9036	-2.9065	-2.9066	-2.9063	-2.9077	-2.9077	-2.9078	-2.9086												
4	-2.7451	-2.8656	-2.8779	-2.885	-2.8869	-2.8885	-2.8917	-2.8932	-2.8961	-2.8988	-2.8971	-2.8963	-2.8974	-2.9024	-2.9025	-2.9027	-2.9055	-2.9058	-2.9061	-2.9061	-2.9061	-2.9076	-2.9076	-2.9077	-2.9079	-2.9077	-2.9085	-2.9085	-2.9085	-2.9086	-2.9086	-2.9087	-2.909	-2.909	-2.9091	-2.9092	-2.9092	-2.9092	-2.9092
5	-2.7314	-2.8804	-2.8851	-2.8893	-2.8931	-2.8953	-2.899	-2.8997	-2.9004	-2.9007	-2.9013	-2.9044	-2.9048	-2.9049	-2.9047	-2.9047	-2.9067	-2.9067	-2.9069	-2.9074	-2.9076	-2.9075	-2.9076	-2.908	-2.908	-2.908	-2.9082	-2.9082	-2.9082	-2.9082									
6	-2.692	-2.8592	-2.88	-2.8855	-2.8889	-2.8911	-2.8925	-2.8945	-2.8949	-2.8964	-2.9015	-2.9022	-2.9022	-2.9023	-2.9023	-2.9052	-2.9054	-2.9057	-2.9069	-2.907	-2.9072	-2.9079																	
7	-2.7247	-2.8541	-2.8796	-2.8819	-2.8829	-2.883	-2.8857	-2.8891	-2.8902	-2.8989	-2.8994	-2.8995	-2.8998	-2.9003	-2.9038	-2.904	-2.9042	-2.906	-2.9061	-2.9062	-2.9071	-2.9072	-2.907	-2.9076	-2.9078	-2.9077	-2.9079	-2.9079	-2.9079	-2.9079									
8	-2.776	-2.8696	-2.8749	-2.8787	-2.8828	-2.8868	-2.8894	-2.8926	-2.8922	-2.8943	-2.9002	-2.9008	-2.9013	-2.9014	-2.9017	-2.9021	-2.9023	-2.9055	-2.9055	-2.9056	-2.907	-2.9069	-2.907	-2.908															
9	-2.7909	-2.8779	-2.884	-2.8898	-2.8925	-2.9	-2.9004	-2.9011	-2.9016	-2.9013	-2.9018	-2.9021	-2.9016	-2.9023	-2.9051	-2.9054	-2.9053	-2.9069	-2.9071	-2.9069	-2.9077																		


Validation loss histories:
Member	Epoch 1	Epoch 2	Epoch 3	Epoch 4	Epoch 5	Epoch 6	Epoch 7	Epoch 8	Epoch 9	Epoch 10	Epoch 11	Epoch 12	Epoch 13	Epoch 14	Epoch 15	Epoch 16	Epoch 17	Epoch 18	Epoch 19	Epoch 20	Epoch 21	Epoch 22	Epoch 23	Epoch 24	Epoch 25	Epoch 26	Epoch 27	Epoch 28	Epoch 29	Epoch 30	Epoch 31	Epoch 32	Epoch 33	Epoch 34	Epoch 35	Epoch 36	Epoch 37	Epoch 38	Epoch 39
0	-2.5932	-2.6091	-2.5727	-2.6084	-2.6089	-2.6161	-2.6144	-2.6076	-2.6123	-2.6112	-2.6029	-2.6117	-2.6165	-2.6147	-2.6162	-2.6126	-2.6171	-2.6143	-2.617	-2.6163	-2.617	-2.615	-2.6161	-2.6143	-2.6154	-2.6158	-2.6161												
1	-2.5735	-2.5638	-2.5995	-2.6053	-2.5955	-2.5602	-2.6108	-2.5912	-2.6138	-2.6136	-2.6129	-2.6169	-2.6194	-2.6025	-2.6144	-2.6151	-2.617	-2.6188	-2.6187	-2.6147	-2.6125	-2.6137	-2.6151																
2	-2.5614	-2.6011	-2.5938	-2.6033	-2.6084	-2.6137	-2.6143	-2.614	-2.6157	-2.6166	-2.6133	-2.6059	-2.6106	-2.6165	-2.6186	-2.6168	-2.6186	-2.6144	-2.6161	-2.6143	-2.6137	-2.6124	-2.6131	-2.6144	-2.6149	-2.6163	-2.614												
3	-2.5887	-2.6052	-2.5988	-2.6078	-2.6128	-2.6137	-2.6139	-2.5935	-2.6127	-2.6166	-2.6045	-2.6065	-2.6122	-2.6174	-2.6189	-2.6112	-2.6192	-2.6166	-2.619	-2.6153	-2.6164	-2.6097	-2.6144	-2.6138	-2.6156	-2.6167	-2.6162												
4	-2.5877	-2.6032	-2.5921	-2.6093	-2.6042	-2.5961	-2.6126	-2.6078	-2.6124	-2.6159	-2.6077	-2.61	-2.6049	-2.6117	-2.6132	-2.6063	-2.6155	-2.6178	-2.6117	-2.6135	-2.6155	-2.6177	-2.6184	-2.617	-2.6141	-2.6151	-2.6174	-2.6151	-2.6191	-2.6177	-2.6182	-2.6153	-2.6166	-2.6167	-2.6168	-2.6165	-2.6163	-2.6154	-2.6151
5	-2.5897	-2.6008	-2.6123	-2.6021	-2.6114	-2.6062	-2.6138	-2.6182	-2.6122	-2.6094	-2.6071	-2.6155	-2.6184	-2.6175	-2.6158	-2.6155	-2.6174	-2.6149	-2.6172	-2.6195	-2.6183	-2.617	-2.6191	-2.618	-2.6174	-2.6189	-2.6185	-2.6186	-2.6182	-2.6184									
6	-2.5636	-2.601	-2.5787	-2.59	-2.6083	-2.6053	-2.6136	-2.6118	-2.6135	-2.5851	-2.6097	-2.6184	-2.6162	-2.6157	-2.6149	-2.6054	-2.6164	-2.6101	-2.6167	-2.6152	-2.6128	-2.6153																	
7	-2.5881	-2.5946	-2.6073	-2.5987	-2.6087	-2.6097	-2.6052	-2.607	-2.5732	-2.6144	-2.6186	-2.6186	-2.6023	-2.6102	-2.6144	-2.5985	-2.6138	-2.6124	-2.616	-2.6186	-2.6165	-2.6145	-2.6166	-2.6159	-2.6165	-2.6141	-2.6181	-2.6169	-2.6147	-2.6177									
8	-2.5966	-2.5871	-2.5843	-2.6039	-2.6099	-2.6023	-2.6149	-2.5791	-2.5991	-2.6029	-2.6096	-2.6088	-2.6173	-2.6193	-2.6168	-2.6082	-2.6049	-2.6137	-2.6183	-2.618	-2.6133	-2.6135	-2.6184	-2.614															
9	-2.5988	-2.6103	-2.6072	-2.6092	-2.6026	-2.6131	-2.6163	-2.6075	-2.6134	-2.6182	-2.6204	-2.6195	-2.6169	-2.6091	-2.6172	-2.6183	-2.6169	-2.6114	-2.6176	-2.6102	-2.6173																		
Member	Epoch 1	Epoch 2	Epoch 3	Epoch 4	Epoch 5	Epoch 6	Epoch 7	Epoch 8	Epoch 9	Epoch 10	Epoch 11	Epoch 12	Epoch 13	Epoch 14	Epoch 15	Epoch 16	Epoch 17	Epoch 18	Epoch 19	Epoch 20	Epoch 21	Epoch 22	Epoch 23	Epoch 24	Epoch 25	Epoch 26	Epoch 27	Epoch 28	Epoch 29	Epoch 30	Epoch 31	Epoch 32	Epoch 33	Epoch 34	Epoch 35	Epoch 36	Epoch 37	Epoch 38	Epoch 39
0	5.000e-05	5.000e-05	5.000e-05	5.000e-05	5.000e-05	2.500e-05	2.500e-05	2.500e-05	2.500e-05	1.250e-05	1.250e-05	1.250e-05	6.250e-06	6.250e-06	6.250e-06	6.250e-06	3.125e-06	3.125e-06	3.125e-06	3.125e-06	1.562e-06	1.562e-06	1.562e-06	1.000e-06	1.000e-06	1.000e-06	1.000e-06	nan	nan	nan	nan	nan	nan	nan	nan	nan	nan	nan	nan
1	5.000e-05	5.000e-05	5.000e-05	5.000e-05	5.000e-05	5.000e-05	5.000e-05	5.000e-05	5.000e-05	5.000e-05	5.000e-05	5.000e-05	5.000e-05	5.000e-05	5.000e-05	5.000e-05	2.500e-05	2.500e-05	2.500e-05	1.250e-05	1.250e-05	1.250e-05	6.250e-06	nan	nan	nan	nan	nan	nan	nan	nan	nan	nan	nan	nan	nan	nan	nan	nan
2	5.000e-05	5.000e-05	5.000e-05	5.000e-05	5.000e-05	5.000e-05	5.000e-05	5.000e-05	5.000e-05	5.000e-05	5.000e-05	5.000e-05	5.000e-05	2.500e-05	2.500e-05	2.500e-05	2.500e-05	2.500e-05	1.250e-05	1.250e-05	1.250e-05	6.250e-06	6.250e-06	6.250e-06	3.125e-06	3.125e-06	3.125e-06	nan	nan	nan	nan	nan	nan	nan	nan	nan	nan	nan	nan
3	5.000e-05	5.000e-05	5.000e-05	5.000e-05	5.000e-05	5.000e-05	5.000e-05	5.000e-05	5.000e-05	5.000e-05	5.000e-05	5.000e-05	5.000e-05	2.500e-05	2.500e-05	2.500e-05	2.500e-05	2.500e-05	2.500e-05	2.500e-05	1.250e-05	1.250e-05	1.250e-05	6.250e-06	6.250e-06	6.250e-06	3.125e-06	nan	nan	nan	nan	nan	nan	nan	nan	nan	nan	nan	nan
4	5.000e-05	5.000e-05	5.000e-05	5.000e-05	5.000e-05	5.000e-05	5.000e-05	5.000e-05	5.000e-05	5.000e-05	5.000e-05	5.000e-05	5.000e-05	2.500e-05	2.500e-05	2.500e-05	1.250e-05	1.250e-05	1.250e-05	1.250e-05	1.250e-05	6.250e-06	6.250e-06	6.250e-06	6.250e-06	6.250e-06	3.125e-06	3.125e-06	3.125e-06	3.125e-06	3.125e-06	3.125e-06	1.562e-06	1.562e-06	1.562e-06	1.000e-06	1.000e-06	1.000e-06	1.000e-06
5	5.000e-05	5.000e-05	5.000e-05	5.000e-05	5.000e-05	5.000e-05	2.500e-05	2.500e-05	2.500e-05	2.500e-05	2.500e-05	1.250e-05	1.250e-05	1.250e-05	1.250e-05	1.250e-05	6.250e-06	6.250e-06	6.250e-06	3.125e-06	3.125e-06	3.125e-06	3.125e-06	1.562e-06	1.562e-06	1.562e-06	1.000e-06	1.000e-06	1.000e-06	1.000e-06	nan	nan	nan	nan	nan	nan	nan	nan	nan
6	5.000e-05	5.000e-05	5.000e-05	5.000e-05	5.000e-05	5.000e-05	5.000e-05	5.000e-05	5.000e-05	5.000e-05	2.500e-05	2.500e-05	2.500e-05	2.500e-05	2.500e-05	1.250e-05	1.250e-05	1.250e-05	6.250e-06	6.250e-06	6.250e-06	3.125e-06	nan	nan	nan	nan	nan	nan	nan	nan	nan	nan	nan	nan	nan	nan	nan	nan	nan
7	5.000e-05	5.000e-05	5.000e-05	5.000e-05	5.000e-05	5.000e-05	5.000e-05	5.000e-05	5.000e-05	2.500e-05	2.500e-05	2.500e-05	2.500e-05	2.500e-05	1.250e-05	1.250e-05	1.250e-05	6.250e-06	6.250e-06	6.250e-06	3.125e-06	3.125e-06	3.125e-06	1.562e-06	1.562e-06	1.562e-06	1.000e-06	1.000e-06	1.000e-06	1.000e-06	nan	nan	nan	nan	nan	nan	nan	nan	nan
8	5.000e-05	5.000e-05	5.000e-05	5.000e-05	5.000e-05	5.000e-05	5.000e-05	5.000e-05	5.000e-05	5.000e-05	2.500e-05	2.500e-05	2.500e-05	2.500e-05	2.500e-05	2.500e-05	2.500e-05	1.250e-05	1.250e-05	1.250e-05	6.250e-06	6.250e-06	6.250e-06	3.125e-06	nan	nan	nan	nan	nan	nan	nan	nan	nan	nan	nan	nan	nan	nan	nan
9	5.000e-05	5.000e-05	5.000e-05	5.000e-05	5.000e-05	2.500e-05	2.500e-05	2.500e-05	2.500e-05	2.500e-05	2.500e-05	2.500e-05	2.500e-05	2.500e-05	1.250e-05	1.250e-05	1.250e-05	6.250e-06	6.250e-06	6.250e-06	3.125e-06	nan	nan	nan	nan	nan	nan	nan	nan	nan	nan	nan	nan	nan	nan	nan	nan	nan	nan
